4551521414143113
3235524235115421
3222244324232442
2522541424225121
1342312353523124
3323132123133244
3145344514533341
1532513545415354
2325221522423551
5544132252351324
3141143535432144
2211311243245512
4323241155535311
4413223542255415
1314444351113315
1354214524225213
3415153314133352
1551335324331225
4153153453434311
4355521221451444
5424241532511143
4434351214433352
3543253525153513
2133212524242224
4434322332335521
1441242225511311
3334355545221555
4424321445433235
2254524331535541
3523551121141145
4342453453544143
2413541545254413
2441515235523421
1533213142212131
5412555355423524
4433353555244325
1135244131525142
2511131423243421
2435133123445211
2431432544254552
5513323212231533
2424414141155313
5112351352312123
5453434423343524
4212454525112344
2453241214242154
2445122423223521
2123123252415235
4543241551435415
3524234343334114
2444314412145422
3212452543411234
3125432215433244
1344335224221243
5535311443312415
3322422354435124
2133352424121425
5341242152245554
5432124354325533
4341524424421333
2245533451131143
4324114243554243
3245313222251212
1353452541541152
4353334155332544
5425324332142511
5353322224332431
2514541114545452
5133345212544212
3115445324145324
1431423254111125
2154322452321544
1143421444241515
3453141113112421
3111453113525323
4524354353523353
4115112434153514
1443212245413323
4324434521421212
1343511134245321
3454411415222424
1133415114141353
3553425234435442
2551441222412445
4154555122232124
5251221211255435
2342325431324252
2425553513232544
2331343444445542
4121514135512455
3352555424415242
1353241515445532
1533135524124454
2241425331555211
5151552133535435
5123521213513324
3142245145144511
4431112332522323
4324322124255314
4344225241522114
